0 
10.0 
1
[0.0000000e+00 1.3860000e-03 4.1869916e-02 0.0000000e+00 1.1655000e-04 0.0000000e+00 5.3550002e-07 2.5339721e-02 0.0000000e+00 1.6747966e-01
 0.0000000e+00 1.3860000e-03 6.6359341e-02 0.0000000e+00 1.1655000e-04 0.0000000e+00 5.3550002e-07 4.0160749e-02 0.0000000e+00 2.6543736e-01
 0.0000000e+00 1.3860000e-03 3.0313825e-02 0.0000000e+00 1.1655000e-04 0.0000000e+00 5.3550002e-07 1.8912189e-02 0.0000000e+00 1.2125530e-01
 0.0000000e+00 1.3860000e-03 4.8044175e-02 0.0000000e+00 1.1655000e-04 0.0000000e+00 5.3550002e-07 2.9973801e-02 0.0000000e+00 1.9217670e-01]
[0 , 1. ,0. , 0.09929229 , 0. ,
0 , 1. ,0. , 0.09929229 , 0. ,
0 , 1. ,0. , 0.09929229 , 0. ,
0 , 1. , 0. , 0.09929229 , 0.]
4
5
